Sensor ID :    1
  Peak Pressure(bar)	          Time Index	      Rise Time(sec)	  Duration Time(sec)
  2.272698221838e-02	             3629544	  1.675609425848e-03	  4.137625309764e-02
  1.862680158173e-01	             4000610	  4.802687463586e-04	  7.608341671982e-04
  2.315744675226e-02	             4058811	  1.425309487861e-02	  3.742660875141e-02
  2.803356169718e-02	             4172283	  1.015941272134e-02	  1.202326473763e-02
  2.383190158559e-02	             4198357	  1.569942967456e-02	  3.891804702218e-02
  2.054528505463e-02	             4297119	  2.073474707409e-02	  4.053227917887e-02
  2.320646247185e-02	             4332623	  3.351415322460e-04	  4.650527295939e-04
  3.300142708738e-02	             4367217	  3.964100093785e-02	  4.093529045264e-02
  2.598115204166e-02	             4394768	  2.588478216655e-02	  3.404208685555e-02
  2.400481351630e-02	             4461962	  1.035004995642e-03	  3.659552060324e-02
  6.116628280789e-02	             4553763	  6.928045606075e-04	  9.351984341768e-04
  2.823610820023e-02	             4584816	  2.766425258384e-04	  1.787302679069e-02
  3.183479205748e-02	             4615468	  7.745440721180e-04	  1.051287434900e-03
  5.213318195314e-02	             4649081	  1.208200214135e-03	  2.107467083692e-03
  2.537397289559e-02	             4677182	  1.421067661426e-02	  3.627065830580e-02
  2.952310640862e-02	             4706318	  1.995551627119e-03	  1.931692514982e-02
  3.045689686170e-02	             4799166	  2.362546685723e-02	  3.496044884806e-02
  3.064197487782e-02	             4937622	  4.601941716851e-04	  5.152903097163e-04
  3.598158831805e-02	             5062059	  1.944109530565e-02	  1.957015104528e-02
  2.145098659728e-02	             5096256	  4.343970669410e-03	  4.523930577384e-03
  2.247299403744e-02	             5157366	  2.275410569358e-03	  3.184610631851e-02
  3.254104407878e-02	             5429822	  6.383036307300e-04	  1.027779534258e-03
  2.343210422136e-02	             5599991	  3.526900678178e-04	  4.281722598083e-04
  7.134166632708e-02	             5636846	  2.742452794357e-04	  1.605214098378e-03
  2.777742856130e-02	             5756354	  3.040224430736e-03	  7.224799282810e-03
  2.110636909324e-02	             5831838	  1.596586695786e-02	  4.888140222687e-02
  2.148504516467e-02	             5890606	  9.864352574721e-03	  3.373753997105e-02
  2.766703722186e-02	             5918683	  1.479985467080e-03	  5.961239001759e-03
  2.742474989453e-02	             6237811	  8.209679917112e-03	  2.097774670643e-02
  4.361944872171e-02	             6296516	  6.485789815554e-03	  8.326810225104e-03
  4.770201153905e-02	             6464958	  2.656682744818e-04	  1.384529218708e-03
  2.379552502977e-02	             6534081	  3.198699107562e-03	  2.317049564941e-02
  3.067457994562e-02	             6572047	  5.346807930969e-03	  2.597205915159e-02
  2.533617751158e-02	             6600633	  9.359914187974e-03	  2.656073792930e-02
  3.453217231345e-02	             6757097	  3.471144847618e-04	  9.281851387101e-04
  2.573144365074e-02	             6854363	  7.831672474236e-03	  1.495860425118e-02
  2.690294004431e-02	             6884806	  2.234598448187e-02	  3.118312324207e-02
  2.026107505124e-02	             7134170	  2.268264764704e-02	  3.698634728234e-02
  6.172393792415e-02	             7232499	  1.261898928992e-03	  1.308008493486e-03
  6.567038048295e-02	             7409256	  3.541261865726e-04	  5.286637418677e-04
  2.477744871827e-02	             7438757	  2.095093293088e-02	  3.226129641950e-02
  2.332505288911e-02	             7680109	  1.190171737514e-03	  1.848109238499e-03
  3.927644187321e-02	             7709805	  4.874241734113e-04	  7.332796056606e-04
  7.242716195866e-02	             7737609	  4.617900339005e-03	  5.364713223042e-03
  6.248580013251e-02	             7764730	  7.771026438444e-03	  1.482674483064e-02
  2.389292094138e-02	             7923418	  2.095177610442e-03	  3.472974401701e-03
  7.309232686489e-02	             7950967	  2.205963328741e-04	  5.012659290612e-04
  1.358837660011e-01	             8066089	  4.543227828462e-04	  8.916811740935e-04
  2.718851324335e-02	             8158524	  7.319243180225e-04	  2.156058866215e-03
  2.803428653468e-02	             8468393	  7.861243484578e-03	  3.510366317342e-02
  4.625865068562e-02	             8497240	  4.852346643682e-04	  1.032585530413e-03
  2.845221714322e-02	             8526420	  1.404311658009e-02	  3.419745329539e-02
  4.958998764219e-02	             8585776	  9.977322129455e-04	  1.987602542649e-03
  2.393520370852e-02	             8726877	  9.604945947861e-04	  1.193486597354e-02
  4.155341440575e-02	             8871021	  1.226499213384e-03	  1.403037194164e-03
  3.887526186527e-02	             8901002	  2.224183118878e-03	  4.630875934778e-03
  2.803093383544e-02	             8934149	  2.708152035352e-03	  2.883561936784e-03
  3.413046895279e-02	             9034753	  8.285048668586e-03	  8.451901173335e-03
  2.521352066311e-02	             9119535	  8.052780783813e-03	  8.194044891092e-03
  2.321819579118e-02	             9336467	  1.250462941002e-03	  3.753455164277e-02
  2.090738181681e-02	             9399073	  1.326199446319e-02	  1.753125990873e-02
  4.874955334233e-02	             9427130	  3.373347890584e-03	  1.931324572886e-02
  3.780490498492e-02	             9455296	  5.079569254139e-03	  1.518581764561e-02
  2.595512535815e-02	             9485862	  1.304645919617e-03	  8.773359829107e-03
  2.066726512086e-02	             9591243	  4.986118360928e-04	  7.873771979310e-04
  1.222713704076e-01	             9650035	  3.437162785820e-04	  4.622617156351e-04
  2.967250403707e-02	             9828650	  1.680968746360e-02	  2.392332284078e-02
  3.907026462019e-02	             9859395	  2.017928175568e-04	  2.382714379971e-04
  2.834359838938e-02	             9896264	  5.981268088365e-03	  8.315906611128e-03
  2.188600769678e-02	            10002885	  3.107513112846e-03	  8.783440067762e-03
  2.006988867125e-02	            10035536	  1.060574907953e-02	  4.173937800363e-02
  1.696758954899e-01	            10102661	  3.843498012276e-04	  1.285107235857e-03
  3.223840575449e-02	            10130343	  6.298813648744e-04	  7.422599278516e-04
  2.217090536205e-02	            10408411	  3.051351065857e-02	  4.184467177228e-02
  7.344982410214e-02	            10532014	  9.800096668468e-04	  4.019122736044e-03
  3.247808431152e-02	            10558050	  7.116981238868e-05	  1.048417282953e-02
  6.114016343521e-02	            10639228	  4.967243768948e-03	  6.501785641583e-03
  5.955435423420e-02	            10667081	  4.661186683954e-04	  2.332872606756e-03
  4.716845283541e-02	            10958530	  4.965135021469e-04	  6.873170204212e-04
  2.169720791526e-02	            11016847	  1.440051572283e-02	  3.928118497018e-02
  6.257248212525e-02	            11132320	  3.912892328635e-04	  6.050256328017e-04
  3.541424124142e-02	            11206824	  1.520809349352e-03	  1.798067018528e-03
  2.077582504986e-02	            11332894	  1.325298318826e-02	  3.715771753616e-02
  2.041468661009e-02	            11366262	  6.488903775235e-03	  4.144678551642e-02
  3.685563133033e-02	            11434692	  2.381133488501e-03	  6.742465171452e-03
  3.259456546083e-02	            11839485	  4.154391995851e-03	  4.713821184329e-03
  3.084787682720e-02	            11870500	  2.714260489349e-03	  3.669669673225e-03
  2.208809390630e-02	            11898597	  1.890466494378e-02	  3.718567901410e-02
  1.127033335791e-01	            12167824	  1.136038295910e-03	  1.532527424834e-03
  2.011091754973e-02	            12193440	  2.032406536391e-02	  2.949784576493e-02
  3.734626997688e-02	            12221343	  4.186042925006e-03	  2.749391074122e-02
  2.324881587725e-02	            12376430	  1.054691479564e-02	  2.716290746665e-02
  1.379902900284e-01	            12406099	  8.259692513203e-04	  1.599572368327e-03
  3.299578306280e-02	            12581880	  1.945349299025e-04	  2.546612089738e-04
  4.574720809467e-02	            12764010	  3.515338885451e-04	  5.527140459313e-04
  4.361927526351e-02	            12865821	  2.851860144411e-04	  3.676838470890e-04
  9.464397279052e-02	            13171082	  2.637314852733e-04	  7.395496331301e-04
  3.874167253498e-02	            13302437	  9.866014929260e-04	  1.367294479883e-03
  3.592160509804e-02	            13419947	  4.176274075088e-04	  1.972025749401e-03
  3.363657282276e-02	            13565109	  2.106296223075e-04	  2.645389486533e-04
  2.325441296128e-02	            13678654	  2.865370704436e-02	  3.870389791687e-02
  2.206494263066e-02	            13940986	  5.705233953156e-04	  1.043732063869e-03
  3.429807992322e-02	            14171518	  2.984715144014e-03	  1.284892182696e-02
  4.471730988273e-02	            14427103	  8.984486244237e-03	  9.333786833157e-03
  2.310526284745e-02	            14636287	  1.437549396924e-02	  3.001181700765e-02
  4.112310234723e-02	            14666568	  6.033705289358e-03	  6.308039884856e-03
  5.115463645454e-02	            14696868	  6.284062778586e-04	  7.809823627800e-04
  1.052270207664e-01	            14807990	  1.799313975987e-03	  2.793139439536e-03
  3.467463625717e-02	            14988569	  1.605007441960e-03	  1.722525945416e-03
  5.429283539980e-02	            15120857	  3.563496803065e-03	  1.153511552745e-02
  3.107479341990e-02	            15314682	  3.187107805750e-03	  2.474820044065e-02
  5.258965916110e-02	            15395742	  2.780314913352e-04	  5.417330933225e-04
  6.227708641910e-02	            15534669	  1.216996163291e-03	  7.860628460269e-03
  9.710483047752e-02	            15565197	  9.489511358909e-04	  1.335875194170e-03
  4.141830176929e-02	            15594639	  9.712914311107e-03	  1.568208747645e-02
  3.276863118273e-02	            15655822	  6.252428674678e-04	  8.982764609731e-04
  2.094258799032e-02	            15801970	  8.860305352930e-03	  3.261525617417e-02
  2.756102109220e-02	            15936198	  1.457003969009e-04	  2.767103038167e-04
  2.372749904964e-02	            15964217	  1.246887739067e-02	  3.289916415817e-02
  2.100645010200e-02	            16080841	  1.720783331299e-02	  2.484133688784e-02
  3.061284248699e-02	            16189582	  6.267874083242e-03	  1.460193941055e-02
  2.809077700434e-02	            16397423	  6.133249679532e-03	  2.012188805996e-02
  6.995314162448e-02	            16428589	  2.124049822094e-04	  3.147167216717e-04
  2.151864328179e-02	            16546891	  2.619583931497e-02	  3.487009618267e-02
  1.314913411532e-01	            16654698	  3.195044533622e-04	  6.734912184939e-04
  4.856842937191e-02	            16682982	  6.718867463699e-04	  2.600468149974e-03
  3.131291050469e-02	            16902645	  6.780023016564e-03	  1.825824666300e-02
  2.549326364103e-02	            17065232	  1.214871689718e-02	  1.255058816070e-02
  2.805618169775e-02	            17099163	  5.404676183729e-03	  2.144000554961e-02
  2.890276193062e-02	            17128171	  5.787825187041e-03	  2.105805933353e-02
  5.314683452671e-02	            17157060	  4.440107181998e-03	  1.059939334504e-02
  2.992088748016e-02	            17187973	  3.006707720713e-03	  5.902245890283e-03
  2.507088158925e-02	            17529465	  9.143256732408e-03	  2.839458944167e-02
  2.276076923369e-02	            17562524	  6.766158319717e-03	  3.061924589679e-02
  4.545046444824e-02	            17709338	  2.104320171125e-03	  1.176789624479e-02
  2.985985185760e-02	            17775799	  1.155163868600e-02	  1.183541495639e-02
  3.082838072202e-02	            17805456	  7.816963455377e-03	  1.854556850600e-02
  3.584870178038e-02	            18063858	  3.326699406581e-03	  3.571123710931e-03
  4.444084771966e-02	            18367848	  4.978152864757e-03	  6.254065816166e-03
  2.206062335503e-02	            18396705	  2.249744175875e-02	  3.887483551006e-02
  3.753646327463e-02	            18426611	  6.412706969963e-04	  8.292683501490e-04
  3.116959744489e-02	            18456841	  8.522600323141e-03	  9.760517226220e-03
  3.601846751967e-02	            18486931	  2.026976775824e-04	  2.244253784697e-03
  2.100340949651e-02	            18565426	  9.324925014233e-03	  3.623731633601e-02
  4.293940716110e-02	            18906525	  1.057158305452e-02	  1.262110721871e-02
  2.158277611200e-02	            18971044	  4.009353793797e-03	  3.404358850153e-02
  2.178563416850e-02	            19368738	  1.385621671045e-02	  3.130819034603e-02
  5.707959619801e-02	            19445700	  5.632110011980e-04	  1.255314670801e-03
  2.011758962661e-02	            19473195	  1.605103365175e-02	  4.074334134901e-02
  2.567160346704e-02	            19503858	  2.565114177375e-03	  2.833308536066e-03
  2.175951986194e-02	            19696432	  2.128659828092e-02	  2.741480806899e-02
  3.627584903252e-02	            19764937	  3.226089717603e-04	  7.306627817875e-03
  2.408126161094e-02	            19864918	  1.510062244826e-02	  2.993115875443e-02
  2.816094025840e-02	            20439843	  2.569770928862e-02	  3.644777607927e-02
  2.779654092796e-02	            20469111	  1.059831147980e-03	  2.182804726068e-02
  2.822390200736e-02	            20688529	  1.416932782555e-04	  1.834685915296e-02
  2.590796932344e-02	            20746155	  2.316645698534e-02	  3.282970795929e-02
  5.223565493570e-02	            20776784	  1.327583624819e-03	  6.460718988545e-03
  2.537572614722e-02	            20923129	  7.796549608400e-03	  1.977954289359e-02
  2.601993002945e-02	            21028796	  7.583888474508e-03	  1.743580605113e-02
  4.268916461586e-02	            21292282	  1.856259628985e-03	  2.204001643408e-03
  2.806468179743e-02	            21416525	  4.092587564332e-04	  5.753369048382e-04
  5.388024510287e-02	            21532193	  3.524760366354e-04	  7.003640918819e-04
  2.591300988573e-02	            21595941	  7.409712200834e-03	  1.537997243038e-02
  7.086659392963e-02	            21706542	  2.023665085938e-04	  3.150889129699e-04
  4.584885007186e-02	            21736036	  6.290152024735e-04	  9.810873208262e-04
  1.109700823798e-01	            21948193	  5.820252707108e-04	  2.806976419149e-03
  3.002381269493e-02	            22132420	  3.395915961810e-04	  4.437303872525e-04
  4.708533665829e-02	            22161345	  1.238856204458e-04	  7.254236162882e-04
  3.050641422894e-02	            22374609	  1.383920133908e-04	  2.862657008240e-04
  2.811423287908e-02	            22436054	  2.391096414772e-03	  5.139486366427e-03
  7.557905344905e-02	            22566325	  2.094504376444e-04	  2.921011715436e-04
  3.138310620442e-02	            22662698	  1.926031948540e-02	  2.095553888658e-02
  2.758132059476e-02	            22786117	  2.133065176700e-02	  2.163924137007e-02
  3.893715383275e-02	            23041003	  3.060623973574e-03	  9.843354557360e-03
  3.181703938315e-02	            23121227	  1.966411134056e-03	  2.935721603868e-03
  2.854867679732e-02	            23236905	  7.045265503983e-03	  3.088890251439e-02
  3.471354724363e-02	            23264498	  9.189552565838e-04	  1.197512206467e-03
  2.089620221521e-02	            23438217	  7.454235210208e-03	  2.722564502993e-02
  2.224290287542e-02	            23499536	  1.197983877852e-02	  2.894312527285e-02
  2.970039154747e-02	            23612657	  6.321373319205e-04	  2.059819880657e-02
  3.028306047990e-02	            23821248	  3.996536798206e-03	  4.246033324126e-03
  2.691439609679e-02	            24000021	  2.655598576420e-04	  1.174901209816e-03
  2.831174126603e-02	            24195036	  4.463695055805e-03	  5.256531964235e-03
  2.895899450034e-02	            24226776	  6.759077896651e-03	  2.204099427754e-02
  3.097421668541e-02	            24322744	  1.415445981992e-03	  1.657751304923e-03
  3.855321997966e-02	            24354867	  4.971568757002e-04	  1.652996758760e-03
  2.740440826377e-02	            24468106	  2.528239870125e-03	  1.377085984838e-02
  3.184527846847e-02	            24673885	  1.124290220759e-03	  1.262049080488e-03
  4.133618944828e-02	            24705928	  1.036272566341e-03	  1.533407119538e-03
  4.395317484290e-02	            24803816	  9.782917926363e-04	  1.472807909776e-03
  2.079252057467e-02	            24875114	  1.492188886236e-02	  3.930162983104e-02
  4.274308170444e-02	            24959514	  1.758738958775e-03	  3.722607613342e-03
  2.918295207106e-02	            25171882	  7.345379148733e-04	  3.632224524972e-02
  2.246145707077e-02	            25238100	  2.128713520764e-04	  2.739605815298e-02
  7.343073775377e-02	            25355456	  7.748702888291e-04	  9.743646160651e-04
  3.325873444630e-02	            25384971	  4.496637892734e-03	  1.243362063964e-02
  4.359884506660e-02	            25444046	  1.369315053186e-03	  1.716449407637e-03
  2.189824212291e-02	            25475519	  2.620718688092e-02	  3.642675008601e-02
  3.738312359473e-02	            25531152	  3.996519375778e-03	  6.381072491431e-03
  2.034569386550e-02	            25557148	  1.190109471832e-02	  4.025249041179e-02
  2.393328056990e-02	            25673508	  6.703182080663e-03	  3.375060802569e-02
  2.024537233704e-02	            25757528	  5.184804780119e-03	  5.888211081019e-03
  2.267672678077e-02	            25840691	  2.878336039814e-02	  4.137461576588e-02
  2.155029333721e-02	            25938536	  1.964489066755e-02	  3.160547698636e-02
  2.513275511994e-02	            26036623	  3.302924199122e-04	  2.015137847292e-03
  2.146443069525e-02	            26130725	  6.937885631854e-05	  1.274639928607e-04
  3.358034545860e-02	            26159688	  8.397294237495e-04	  1.334179739162e-03
  2.063359235670e-02	            26301664	  3.646345319047e-04	  7.587400715320e-04
  4.604224498711e-02	            26331822	  2.664501253331e-04	  3.162625683820e-03
  9.138842962844e-02	            26436057	  5.658120808848e-04	  6.670298035330e-04
  4.122693786507e-02	            26543770	  1.059283376214e-03	  1.555154091268e-03
  2.231232810040e-02	            26679998	  2.444227153018e-02	  3.495740631608e-02
  2.180398623098e-02	            26799041	  5.399110962854e-03	  2.629900685329e-02
  4.968324152172e-02	            26831126	  5.285590537615e-04	  3.178354157294e-03
  3.059225698180e-02	            26862131	  1.566842456852e-02	  1.580029394215e-02
  2.383256868378e-02	            26968847	  1.407165374849e-02	  2.727720685397e-02
  2.787641738116e-02	            27000605	  9.883830442070e-04	  1.446648173327e-03
  2.080318213327e-02	            27113718	  1.621114498190e-02	  3.629895590087e-02
  2.170531735030e-02	            27202504	  1.143848853084e-02	  3.079936893695e-02
  2.661703209631e-02	            27265756	  3.629772059863e-03	  1.019997748141e-02
  2.228606830959e-02	            27438629	  8.741468032343e-03	  3.133320279069e-02
  6.040069144966e-02	            27472444	  6.050300953220e-03	  7.109849848179e-03
  6.097535719203e-02	            27499761	  7.807013041228e-04	  1.157846059867e-03
  3.214672208017e-02	            27535562	  3.059475632113e-03	  1.318739400302e-02
  2.073308414988e-02	            27566383	  1.059117504025e-03	  3.785449211594e-02
  1.004669940799e-01	            27644212	  2.694308090022e-03	  3.268056775790e-03
  2.699312502203e-02	            27674028	  6.209214327318e-04	  7.011899918260e-04
  3.707263347865e-02	            27730385	  1.060324693971e-03	  8.326675643578e-03
  2.410409424603e-02	            27759565	  1.170548626996e-02	  3.123597399178e-02
  2.220916351220e-02	            27789288	  1.138074395493e-02	  1.749868601775e-02
  3.656865920141e-02	            27816752	  1.259357717625e-04	  8.589832099498e-04
  5.740670859176e-02	            28075064	  1.962784370463e-03	  2.325325221140e-03
  2.926414619839e-02	            28150712	  9.982991758873e-04	  5.478190461730e-03
  2.934925829102e-02	            28214579	  2.777104183251e-03	  1.388963860922e-02
  3.771553523421e-02	            28340631	  1.548871059712e-03	  4.338564171227e-03
  2.237208443417e-02	            28392920	  1.404077923093e-02	  3.078627531193e-02
  4.344059726937e-02	            28420334	  2.043741788321e-04	  5.399482551906e-04
  2.711123994793e-02	            28603735	  3.168790782365e-03	  1.712195356919e-02
  2.050401270726e-02	            28638729	  1.359520963827e-02	  3.621432774442e-02
  6.981220806282e-02	            28701287	  1.964427382774e-04	  3.048598253118e-04
  3.880562308942e-01	            28730921	  1.973021411033e-04	  3.365992397910e-04
  6.530149015862e-02	            28843948	  8.509766482058e-04	  5.222844841376e-03
  4.048612603715e-02	            28902379	  2.136031722150e-04	  3.249905659736e-04
  3.054545935552e-02	            29065591	  4.344944474581e-03	  2.951810540177e-02
  2.440019170957e-02	            29130268	  1.631735765289e-02	  1.707360048249e-02
  4.526399953991e-02	            29286680	  2.784830980474e-03	  4.308456412584e-03
  4.704670722153e-02	            29314787	  2.315678226637e-03	  3.055944427761e-03
  2.961701985378e-02	            29343668	  6.630418741486e-04	  8.112830153674e-04
  2.958640283578e-02	            29509659	  4.494735104332e-03	  1.822355316989e-02
  2.369273329930e-02	            29577389	  1.415125484967e-02	  4.317457242938e-02
  8.367200736333e-02	            29662812	  6.932414675158e-04	  1.326231023534e-03
  2.046160370888e-02	            29874468	  1.437315437503e-02	  4.713408971857e-02
  2.243146561607e-02	            29975861	  2.436487796655e-02	  2.462565412476e-02
  3.054425013489e-02	            30105555	  1.541991057239e-02	  2.029389830067e-02
  4.289347813066e-02	            30308181	  1.342151622494e-03	  2.857308484056e-03
  2.551278107298e-02	            30333449	  1.138563820971e-02	  3.304617881453e-02
  2.539551795289e-02	            30540381	  9.339141148459e-03	  1.747463442055e-02
  2.977089216603e-02	            30782537	  4.915945500361e-04	  5.524740139537e-04
  4.491704405843e-02	            30934143	  4.812511705419e-04	  2.406709755367e-03
  2.813258373830e-02	            31168433	  1.790482932328e-02	  1.804157611177e-02
  2.040723438798e-02	            31260042	  5.331041607672e-03	  9.950070184883e-03
  2.086870623544e-02	            31375118	  1.825349952270e-02	  3.204720717048e-02
  2.190276920534e-02	            31404216	  3.062481386662e-03	  3.123307839077e-02
  3.469829420550e-02	            31432218	  1.189414912430e-03	  7.101545738073e-03
  8.783265119708e-02	            31614626	  8.361063442894e-04	  1.478246394947e-03
  5.334028328164e-02	            31675848	  5.617719274311e-04	  8.434093104089e-04
  2.487322805421e-02	            31736855	  1.423444297187e-03	  1.512194706212e-03
  2.163435261247e-02	            31861975	  1.042617790792e-02	  2.732511770897e-02
  2.047636406694e-02	            32050446	  3.277475749962e-04	  5.875988464285e-04
  8.208782932855e-02	            32080498	  4.014375353245e-04	  2.327623103699e-03
  4.279377273360e-02	            32175661	  2.478966453582e-04	  3.132699181297e-04
  9.427808401067e-02	            32242123	  9.821593568204e-04	  1.084854551495e-03
  2.279486526279e-02	            32269787	  1.959927081896e-04	  4.030744532325e-04
  4.507596525126e-02	            32484520	  4.990230728378e-04	  9.874180943851e-04
  2.239828204411e-02	            32565221	  6.385652521700e-04	  3.184627432740e-02
  2.430025192201e-02	            32598369	  9.956213585515e-04	  1.200916788685e-03
  2.073499790200e-02	            32904308	  1.782276370241e-02	  3.378297551684e-02
  2.370519615251e-02	            32968142	  2.650581712500e-03	  8.341002106500e-03
  3.039125019948e-02	            33140686	  3.875754093386e-03	  3.274656666389e-02
  2.915887732360e-02	            33170452	  1.263290838100e-04	  2.662628953555e-04
  3.467108993899e-02	            33201009	  1.177635006386e-03	  1.531956618050e-03
  5.498282127433e-02	            33311097	  4.622618775162e-03	  5.405763375456e-03
  3.523616960908e-02	            33376496	  1.118133580721e-02	  1.236441793236e-02
  4.011316858553e-02	            33479692	  1.762155280188e-03	  2.198865590865e-03
  3.306121291289e-02	            33507225	  6.903728760618e-04	  2.672884944097e-02
  3.789899655446e-02	            33802053	  1.570529173320e-03	  2.092520198217e-02
